image: my_map.pgm
resolution: 0.050000
<<<<<<< HEAD
origin: [0.0, 0.000000, 0.000000]
negate: 0
occupied_thresh: 0.65
free_thresh: 0.196

=======
origin: [0, 0, 0.000000]
negate: 0
occupied_thresh: 0.9
free_thresh: 0.8
>>>>>>> 72f95516442b58d3ec87d513f59dfc18eb74f1c4
